317.000000
363.000000
268.000000
182.000000
281.000000
334.000000
206.000000
294.000000
302.000000
280.000000
264.000000
286.000000
237.000000
376.000000
260.000000
258.000000
246.000000
278.000000
274.000000
313.000000
304.000000
263.000000
301.000000
268.000000
265.000000
309.000000
222.000000
241.000000
312.000000
304.000000
274.000000
295.000000
257.000000
243.000000
245.000000
208.000000
260.000000
204.000000
141.000000
148.000000
160.000000
146.000000
197.000000
136.000000
187.000000
136.000000
158.000000
122.000000
148.000000
121.000000
156.000000
141.000000
181.000000
94.000000
136.000000
128.000000
94.000000
87.000000
125.000000
126.000000
130.000000
124.000000
122.000000
89.000000
118.000000
92.000000
96.000000
64.000000
87.000000
80.000000
118.000000
60.000000
61.000000
114.000000
86.000000
86.000000
111.000000
103.000000
110.000000
109.000000
110.000000
80.000000
74.000000
103.000000
63.000000
68.000000
77.000000
121.000000
63.000000
107.000000
60.000000
91.000000
70.000000
63.000000
70.000000
91.000000
75.000000
74.000000
74.000000
64.000000
82.000000
60.000000
88.000000
59.000000
54.000000
74.000000
51.000000
50.000000
37.000000
57.000000
93.000000
82.000000
47.000000
52.000000
66.000000
61.000000
40.000000
19.000000
48.000000
46.000000
44.000000
49.000000
45.000000
58.000000
92.000000
46.000000
34.000000
71.000000
71.000000
51.000000
92.000000
48.000000
67.000000
79.000000
59.000000
35.000000
69.000000
39.000000
59.000000
96.000000
74.000000
41.000000
25.000000
75.000000
30.000000
9.000000
55.000000
66.000000
61.000000
48.000000
14.000000
63.000000
54.000000
53.000000
58.000000
76.000000
25.000000
28.000000
41.000000
44.000000
42.000000
43.000000
56.000000
35.000000
50.000000
47.000000
54.000000
39.000000
49.000000
57.000000
70.000000
33.000000
57.000000
61.000000
38.000000
42.000000
46.000000
29.000000
14.000000
38.000000
53.000000
46.000000
56.000000
35.000000
30.000000
21.000000
7.000000
50.000000
19.000000
60.000000
48.000000
44.000000
61.000000
13.000000
38.000000
54.000000
62.000000
50.000000
34.000000
42.000000
10.000000
36.000000
36.000000
30.000000
67.000000
62.000000
41.000000
28.000000
24.000000
36.000000
53.000000
39.000000
28.000000
50.000000
36.000000
43.000000
46.000000
57.000000
36.000000
15.000000
45.000000
36.000000
23.000000
59.000000
57.000000
46.000000
35.000000
24.000000
56.000000
30.000000
58.000000
26.000000
28.000000
32.000000
41.000000
56.000000
34.000000
50.000000
30.000000
56.000000
12.000000
46.000000
43.000000
41.000000
14.000000
37.000000
31.000000
34.000000
43.000000
54.000000
32.000000
44.000000
31.000000
30.000000
43.000000
41.000000
37.000000
43.000000
29.000000
27.000000
25.000000
33.000000
27.000000
42.000000
20.000000
47.000000
12.000000
31.000000
23.000000
20.000000
34.000000
40.000000
35.000000
17.000000
42.000000
55.000000
39.000000
35.000000
39.000000
38.000000
45.000000
41.000000
25.000000
36.000000
38.000000
49.000000
24.000000
28.000000
43.000000
32.000000
11.000000
22.000000
28.000000
32.000000
24.000000
24.000000
36.000000
32.000000
50.000000
14.000000
30.000000
50.000000
29.000000
43.000000
33.000000
55.000000
22.000000
23.000000
33.000000
24.000000
24.000000
38.000000
33.000000
23.000000
29.000000
54.000000
41.000000
16.000000
35.000000
15.000000
27.000000
27.000000
28.000000
28.000000
29.000000
11.000000
29.000000
21.000000
16.000000
16.000000
31.000000
28.000000
14.000000
12.000000
27.000000
23.000000
16.000000
25.000000
14.000000
16.000000
13.000000
18.000000
15.000000
20.000000
12.000000
32.000000
23.000000
0.000000
