0 0
1 1
2 1
3 1
4 1
5 1
6 1
7 1
8 1
9 1
10 1
11 1
12 1
13 1
14 1
15 1
16 1
17 1
18 1
19 1
20 1
21 1
22 1
23 1
24 1
25 1
26 1
27 1
28 1
29 1
30 1
31 1
32 1
33 1
34 1
35 1
36 1
37 1
38 1
39 1
40 1
41 1
42 1
43 1
44 1
45 1
46 1
47 1
48 1
49 1
50 1
51 1
52 1
53 1
54 1
55 6
56 1
57 6
58 1
59 1
60 1
61 1
62 9
63 1
64 1
65 1
66 1
67 1
68 1
69 1
70 1
71 1
72 1
73 1
74 1
75 1
76 1
77 1
78 1
79 1
80 1
81 1
82 1
83 1
84 1
85 1
86 1
87 1
88 1
89 1
90 1
91 1
92 1
93 1
94 1
95 1
96 1
97 1
98 1
99 1
100 1
101 1
102 1
103 1
104 1
105 1
106 1
107 1
108 1
109 1
110 1
111 1
112 1
113 1
114 1
115 1
116 1
117 1
118 1
119 6
120 1
121 1
122 1
123 1
124 1
125 1
126 1
127 1
128 1
129 1
130 1
131 1
132 6
133 1
134 1
135 1
136 1
137 1
138 1
139 1
140 1
141 1
142 1
143 1
144 1
145 1
146 1
147 1
148 1
149 1
150 1
151 2
152 2
153 2
154 2
155 2
156 2
157 2
158 2
159 2
160 2
161 2
162 2
163 2
164 2
165 2
166 2
167 2
168 2
169 2
170 2
171 1
172 2
173 2
174 2
175 2
176 2
177 2
178 2
179 2
180 2
181 2
182 2
183 2
184 14
185 2
186 2
187 2
188 2
189 2
190 2
191 19
192 2
193 2
194 2
195 2
196 2
197 2
198 2
199 2
200 2
201 2
202 2
203 2
204 2
205 2
206 2
207 2
208 2
209 2
210 2
211 2
212 2
213 2
214 2
215 22
216 2
217 2
218 2
219 2
220 2
221 2
222 2
223 2
224 2
225 2
226 2
227 2
228 2
229 2
230 2
231 2
232 14
233 2
234 2
235 2
236 2
237 2
238 2
239 2
240 2
241 2
242 2
243 2
244 2
245 2
246 12
247 2
248 2
249 2
250 2
251 2
252 2
253 2
254 2
255 2
256 2
257 2
258 2
259 2
260 2
261 2
262 2
263 2
264 2
265 2
266 2
267 2
268 2
269 2
270 2
271 2
272 2
273 2
274 2
275 2
276 2
277 2
278 2
279 2
280 2
281 2
282 2
283 2
284 2
285 2
286 2
287 2
288 2
289 2
290 2
291 2
292 2
293 2
294 2
295 2
296 2
297 2
298 2
299 2
300 2
301 3
302 3
303 3
304 22
305 3
306 3
307 3
308 3
309 3
310 3
311 3
312 3
313 3
314 3
315 3
316 3
317 3
318 3
319 3
320 3
321 3
322 3
323 3
324 3
325 3
326 3
327 8
328 3
329 3
330 3
331 3
332 3
333 3
334 3
335 3
336 3
337 3
338 3
339 3
340 3
341 3
342 10
343 8
344 3
345 3
346 1
347 3
348 3
349 3
350 3
351 3
352 3
353 3
354 3
355 3
356 3
357 3
358 3
359 3
360 3
361 3
362 3
363 3
364 3
365 3
366 3
367 3
368 3
369 3
370 3
371 3
372 3
373 3
374 3
375 3
376 3
377 3
378 3
379 3
380 3
381 22
382 3
383 3
384 3
385 3
386 3
387 3
388 3
389 3
390 3
391 3
392 3
393 3
394 3
395 3
396 3
397 3
398 3
399 3
400 3
401 3
402 3
403 3
404 3
405 3
406 3
407 3
408 3
409 3
410 19
411 3
412 3
413 3
414 3
415 3
416 3
417 3
418 3
419 3
420 3
421 3
422 3
423 3
424 3
425 3
426 3
427 3
428 3
429 3
430 3
431 3
432 3
433 3
434 3
435 3
436 3
437 3
438 3
439 3
440 3
441 3
442 3
443 1
444 3
445 3
446 3
447 3
448 3
449 3
450 3
451 4
452 4
453 4
454 4
455 4
456 4
457 4
458 4
459 4
460 4
461 4
462 4
463 4
464 4
465 4
466 4
467 4
468 4
469 4
470 4
471 4
472 4
473 4
474 4
475 4
476 4
477 4
478 4
479 4
480 4
481 4
482 4
483 4
484 4
485 4
486 4
487 4
488 4
489 4
490 4
491 4
492 4
493 4
494 4
495 4
496 4
497 4
498 4
499 4
500 4
501 4
502 4
503 4
504 4
505 4
506 4
507 4
508 4
509 4
510 4
511 4
512 4
513 4
514 4
515 4
516 4
517 4
518 4
519 4
520 4
521 4
522 4
523 4
524 4
525 4
526 4
527 4
528 4
529 4
530 4
531 4
532 4
533 4
534 4
535 4
536 4
537 4
538 4
539 4
540 4
541 4
542 4
543 4
544 4
545 4
546 4
547 4
548 4
549 4
550 4
551 4
552 4
553 4
554 4
555 4
556 4
557 4
558 4
559 4
560 4
561 4
562 4
563 4
564 4
565 4
566 4
567 4
568 4
569 4
570 4
571 4
572 4
573 4
574 4
575 4
576 4
577 4
578 4
579 4
580 4
581 4
582 4
583 4
584 4
585 4
586 4
587 4
588 4
589 4
590 4
591 4
592 4
593 4
594 4
595 4
596 4
597 4
598 4
599 4
600 4
601 5
602 4
603 5
604 5
605 5
606 5
607 5
608 5
609 5
610 5
611 5
612 5
613 5
614 5
615 5
616 5
617 5
618 5
619 5
620 5
621 5
622 5
623 5
624 5
625 5
626 5
627 5
628 5
629 5
630 5
631 5
632 5
633 5
634 13
635 5
636 5
637 5
638 5
639 5
640 5
641 5
642 9
643 5
644 5
645 5
646 8
647 5
648 5
649 5
650 5
651 5
652 5
653 5
654 5
655 5
656 5
657 5
658 5
659 5
660 5
661 5
662 5
663 5
664 5
665 5
666 5
667 5
668 5
669 5
670 18
671 5
672 5
673 5
674 5
675 5
676 5
677 5
678 5
679 5
680 5
681 5
682 5
683 5
684 5
685 5
686 5
687 5
688 5
689 5
690 5
691 5
692 5
693 5
694 5
695 5
696 5
697 5
698 5
699 1
700 5
701 5
702 5
703 5
704 5
705 5
706 5
707 5
708 5
709 5
710 5
711 5
712 5
713 5
714 5
715 5
716 5
717 5
718 5
719 5
720 5
721 5
722 5
723 5
724 11
725 5
726 5
727 5
728 5
729 5
730 5
731 5
732 5
733 5
734 5
735 5
736 5
737 5
738 5
739 5
740 5
741 5
742 5
743 5
744 5
745 5
746 5
747 5
748 5
749 5
750 5
751 6
752 6
753 6
754 6
755 6
756 6
757 6
758 6
759 6
760 6
761 6
762 6
763 6
764 6
765 6
766 6
767 6
768 6
769 6
770 6
771 6
772 6
773 6
774 6
775 6
776 6
777 6
778 6
779 6
780 6
781 6
782 6
783 6
784 6
785 6
786 6
787 6
788 6
789 6
790 6
791 6
792 6
793 6
794 6
795 6
796 6
797 6
798 6
799 6
800 6
801 6
802 6
803 6
804 6
805 6
806 6
807 6
808 6
809 6
810 6
811 6
812 6
813 6
814 6
815 6
816 6
817 6
818 6
819 6
820 6
821 6
822 6
823 6
824 6
825 6
826 6
827 6
828 6
829 6
830 6
831 6
832 6
833 6
834 6
835 6
836 6
837 6
838 6
839 6
840 6
841 6
842 6
843 6
844 6
845 6
846 6
847 6
848 6
849 6
850 6
851 6
852 6
853 6
854 6
855 6
856 6
857 6
858 6
859 6
860 6
861 6
862 6
863 6
864 6
865 6
866 6
867 6
868 6
869 6
870 6
871 6
872 6
873 6
874 6
875 6
876 6
877 6
878 6
879 6
880 6
881 6
882 6
883 6
884 6
885 6
886 6
887 6
888 6
889 9
890 6
891 6
892 6
893 6
894 6
895 1
896 6
897 6
898 6
899 6
900 6
901 8
902 8
903 8
904 8
905 8
906 8
907 8
908 7
909 8
910 8
911 8
912 8
913 8
914 8
915 8
916 8
917 8
918 8
919 8
920 8
921 8
922 8
923 8
924 8
925 8
926 8
927 8
928 8
929 8
930 8
931 8
932 8
933 8
934 8
935 8
936 8
937 8
938 8
939 8
940 8
941 8
942 8
943 8
944 8
945 8
946 8
947 8
948 8
949 8
950 8
951 8
952 8
953 8
954 8
955 8
956 8
957 8
958 8
959 8
960 8
961 8
962 8
963 8
964 8
965 17
966 8
967 8
968 8
969 12
970 8
971 8
972 8
973 8
974 8
975 8
976 8
977 8
978 8
979 8
980 8
981 8
982 8
983 8
984 8
985 8
986 8
987 8
988 8
989 8
990 8
991 8
992 8
993 8
994 8
995 8
996 8
997 8
998 8
999 3
1000 5
1001 8
1002 8
1003 8
1004 8
1005 8
1006 8
1007 8
1008 8
1009 8
1010 8
1011 8
1012 8
1013 8
1014 8
1015 8
1016 8
1017 8
1018 8
1019 8
1020 8
1021 8
1022 8
1023 8
1024 8
1025 8
1026 8
1027 8
1028 8
1029 8
1030 8
1031 8
1032 8
1033 8
1034 8
1035 8
1036 8
1037 8
1038 8
1039 8
1040 8
1041 8
1042 8
1043 8
1044 8
1045 8
1046 8
1047 8
1048 8
1049 8
1050 8
1051 9
1052 9
1053 9
1054 9
1055 9
1056 9
1057 9
1058 9
1059 9
1060 9
1061 9
1062 9
1063 9
1064 9
1065 9
1066 9
1067 9
1068 9
1069 9
1070 9
1071 9
1072 9
1073 9
1074 9
1075 9
1076 9
1077 9
1078 9
1079 9
1080 9
1081 9
1082 9
1083 9
1084 9
1085 9
1086 9
1087 9
1088 9
1089 9
1090 9
1091 9
1092 9
1093 9
1094 9
1095 9
1096 9
1097 9
1098 9
1099 9
1100 9
1101 9
1102 9
1103 9
1104 9
1105 9
1106 9
1107 9
1108 9
1109 9
1110 9
1111 9
1112 9
1113 9
1114 9
1115 9
1116 9
1117 9
1118 9
1119 9
1120 9
1121 9
1122 9
1123 9
1124 9
1125 9
1126 9
1127 9
1128 9
1129 9
1130 9
1131 9
1132 9
1133 9
1134 9
1135 9
1136 9
1137 9
1138 9
1139 9
1140 9
1141 9
1142 9
1143 9
1144 9
1145 9
1146 9
1147 9
1148 9
1149 9
1150 14
1151 9
1152 9
1153 9
1154 9
1155 9
1156 9
1157 9
1158 9
1159 9
1160 9
1161 9
1162 9
1163 9
1164 9
1165 9
1166 9
1167 9
1168 9
1169 9
1170 9
1171 9
1172 9
1173 9
1174 9
1175 9
1176 9
1177 9
1178 9
1179 9
1180 9
1181 9
1182 9
1183 9
1184 9
1185 9
1186 9
1187 9
1188 9
1189 9
1190 9
1191 9
1192 9
1193 9
1194 9
1195 1
1196 9
1197 9
1198 9
1199 9
1200 9
1201 10
1202 10
1203 10
1204 10
1205 10
1206 10
1207 10
1208 10
1209 10
1210 10
1211 10
1212 10
1213 10
1214 10
1215 10
1216 10
1217 10
1218 10
1219 10
1220 10
1221 10
1222 10
1223 10
1224 10
1225 10
1226 10
1227 10
1228 10
1229 10
1230 10
1231 10
1232 10
1233 10
1234 10
1235 10
1236 10
1237 10
1238 10
1239 10
1240 10
1241 10
1242 10
1243 10
1244 10
1245 10
1246 10
1247 10
1248 10
1249 10
1250 10
1251 10
1252 10
1253 10
1254 10
1255 10
1256 10
1257 10
1258 10
1259 10
1260 10
1261 13
1262 10
1263 10
1264 10
1265 10
1266 10
1267 10
1268 10
1269 10
1270 10
1271 10
1272 10
1273 10
1274 10
1275 10
1276 10
1277 10
1278 10
1279 10
1280 10
1281 10
1282 10
1283 10
1284 10
1285 10
1286 10
1287 10
1288 10
1289 10
1290 10
1291 10
1292 10
1293 10
1294 10
1295 10
1296 10
1297 10
1298 10
1299 10
1300 10
1301 10
1302 10
1303 10
1304 10
1305 10
1306 10
1307 10
1308 10
1309 10
1310 10
1311 10
1312 10
1313 10
1314 10
1315 10
1316 10
1317 10
1318 10
1319 10
1320 10
1321 10
1322 10
1323 10
1324 10
1325 10
1326 10
1327 10
1328 10
1329 10
1330 10
1331 10
1332 10
1333 10
1334 10
1335 10
1336 10
1337 10
1338 10
1339 10
1340 10
1341 10
1342 10
1343 10
1344 10
1345 10
1346 1
1347 10
1348 10
1349 10
1350 10
1351 11
1352 11
1353 11
1354 11
1355 11
1356 11
1357 11
1358 11
1359 11
1360 11
1361 11
1362 11
1363 11
1364 11
1365 11
1366 11
1367 11
1368 11
1369 11
1370 11
1371 11
1372 11
1373 11
1374 11
1375 11
1376 11
1377 11
1378 11
1379 11
1380 11
1381 11
1382 11
1383 11
1384 11
1385 11
1386 11
1387 11
1388 11
1389 11
1390 11
1391 11
1392 11
1393 11
1394 11
1395 11
1396 11
1397 11
1398 11
1399 11
1400 11
1401 11
1402 11
1403 11
1404 11
1405 11
1406 11
1407 11
1408 11
1409 11
1410 11
1411 11
1412 11
1413 11
1414 11
1415 11
1416 11
1417 11
1418 11
1419 11
1420 1
1421 11
1422 11
1423 11
1424 11
1425 11
1426 11
1427 11
1428 11
1429 11
1430 11
1431 11
1432 11
1433 11
1434 11
1435 11
1436 11
1437 11
1438 11
1439 11
1440 11
1441 11
1442 11
1443 11
1444 11
1445 11
1446 11
1447 11
1448 11
1449 11
1450 11
1451 11
1452 11
1453 11
1454 11
1455 11
1456 11
1457 11
1458 11
1459 11
1460 11
1461 11
1462 11
1463 11
1464 11
1465 11
1466 11
1467 11
1468 11
1469 11
1470 11
1471 11
1472 11
1473 11
1474 11
1475 11
1476 11
1477 11
1478 11
1479 11
1480 11
1481 11
1482 11
1483 11
1484 11
1485 11
1486 11
1487 11
1488 11
1489 11
1490 11
1491 11
1492 11
1493 11
1494 11
1495 11
1496 11
1497 11
1498 11
1499 11
1500 11
1501 12
1502 12
1503 12
1504 12
1505 12
1506 12
1507 12
1508 12
1509 12
1510 12
1511 12
1512 12
1513 12
1514 12
1515 12
1516 12
1517 12
1518 12
1519 12
1520 12
1521 12
1522 12
1523 12
1524 12
1525 12
1526 12
1527 12
1528 12
1529 12
1530 12
1531 12
1532 12
1533 12
1534 12
1535 12
1536 12
1537 12
1538 12
1539 12
1540 12
1541 9
1542 12
1543 12
1544 12
1545 12
1546 12
1547 12
1548 12
1549 12
1550 12
1551 12
1552 12
1553 12
1554 12
1555 12
1556 12
1557 12
1558 12
1559 12
1560 12
1561 12
1562 12
1563 12
1564 12
1565 12
1566 12
1567 12
1568 12
1569 12
1570 12
1571 12
1572 12
1573 12
1574 12
1575 12
1576 12
1577 12
1578 12
1579 12
1580 12
1581 12
1582 12
1583 12
1584 12
1585 12
1586 12
1587 12
1588 12
1589 12
1590 12
1591 16
1592 12
1593 12
1594 12
1595 12
1596 12
1597 12
1598 12
1599 12
1600 12
1601 12
1602 12
1603 12
1604 12
1605 12
1606 12
1607 12
1608 12
1609 12
1610 12
1611 12
1612 12
1613 12
1614 12
1615 12
1616 12
1617 12
1618 12
1619 12
1620 12
1621 12
1622 12
1623 12
1624 12
1625 12
1626 12
1627 12
1628 12
1629 12
1630 12
1631 12
1632 12
1633 12
1634 12
1635 12
1636 12
1637 12
1638 12
1639 12
1640 12
1641 12
1642 12
1643 12
1644 12
1645 12
1646 12
1647 12
1648 12
1649 12
1650 12
1651 13
1652 13
1653 13
1654 13
1655 13
1656 13
1657 13
1658 13
1659 13
1660 13
1661 13
1662 13
1663 13
1664 13
1665 13
1666 13
1667 13
1668 13
1669 13
1670 13
1671 13
1672 13
1673 13
1674 13
1675 13
1676 13
1677 13
1678 13
1679 13
1680 13
1681 13
1682 13
1683 13
1684 13
1685 13
1686 13
1687 13
1688 13
1689 13
1690 13
1691 13
1692 13
1693 13
1694 13
1695 13
1696 13
1697 13
1698 13
1699 13
1700 13
1701 13
1702 13
1703 13
1704 13
1705 13
1706 13
1707 13
1708 13
1709 13
1710 13
1711 13
1712 13
1713 13
1714 13
1715 13
1716 13
1717 13
1718 13
1719 13
1720 13
1721 13
1722 13
1723 13
1724 13
1725 13
1726 13
1727 13
1728 13
1729 13
1730 13
1731 13
1732 13
1733 13
1734 13
1735 13
1736 13
1737 13
1738 13
1739 13
1740 13
1741 13
1742 13
1743 13
1744 13
1745 13
1746 13
1747 13
1748 13
1749 13
1750 13
1751 13
1752 13
1753 13
1754 13
1755 13
1756 13
1757 13
1758 13
1759 13
1760 13
1761 13
1762 13
1763 13
1764 13
1765 13
1766 13
1767 13
1768 13
1769 13
1770 13
1771 13
1772 13
1773 13
1774 13
1775 13
1776 13
1777 13
1778 13
1779 13
1780 13
1781 13
1782 13
1783 13
1784 13
1785 13
1786 13
1787 13
1788 13
1789 13
1790 13
1791 13
1792 13
1793 13
1794 13
1795 13
1796 13
1797 13
1798 13
1799 13
1800 13
1801 14
1802 14
1803 14
1804 14
1805 14
1806 14
1807 14
1808 14
1809 14
1810 14
1811 14
1812 14
1813 14
1814 14
1815 14
1816 14
1817 14
1818 14
1819 14
1820 14
1821 14
1822 14
1823 14
1824 14
1825 14
1826 11
1827 14
1828 14
1829 14
1830 14
1831 14
1832 14
1833 14
1834 14
1835 14
1836 14
1837 14
1838 14
1839 14
1840 14
1841 14
1842 14
1843 14
1844 14
1845 14
1846 14
1847 14
1848 14
1849 14
1850 14
1851 14
1852 14
1853 14
1854 14
1855 14
1856 14
1857 14
1858 14
1859 14
1860 14
1861 14
1862 14
1863 14
1864 14
1865 14
1866 14
1867 14
1868 14
1869 14
1870 14
1871 14
1872 14
1873 14
1874 14
1875 14
1876 14
1877 14
1878 14
1879 14
1880 25
1881 14
1882 14
1883 14
1884 14
1885 14
1886 14
1887 14
1888 14
1889 14
1890 14
1891 14
1892 14
1893 14
1894 14
1895 9
1896 14
1897 14
1898 14
1899 14
1900 14
1901 14
1902 14
1903 14
1904 14
1905 14
1906 14
1907 14
1908 14
1909 17
1910 14
1911 14
1912 14
1913 14
1914 14
1915 14
1916 14
1917 14
1918 14
1919 14
1920 14
1921 14
1922 14
1923 14
1924 14
1925 14
1926 14
1927 14
1928 14
1929 14
1930 14
1931 14
1932 14
1933 14
1934 14
1935 14
1936 14
1937 14
1938 14
1939 14
1940 14
1941 14
1942 14
1943 14
1944 14
1945 14
1946 14
1947 14
1948 14
1949 14
1950 14
1951 15
1952 15
1953 15
1954 15
1955 15
1956 15
1957 15
1958 15
1959 15
1960 15
1961 15
1962 15
1963 15
1964 15
1965 15
1966 15
1967 15
1968 15
1969 15
1970 15
1971 15
1972 15
1973 15
1974 15
1975 15
1976 15
1977 15
1978 15
1979 15
1980 15
1981 15
1982 15
1983 15
1984 15
1985 15
1986 15
1987 15
1988 15
1989 15
1990 15
1991 15
1992 15
1993 15
1994 15
1995 15
1996 15
1997 15
1998 15
1999 15
2000 15
2001 15
2002 15
2003 15
2004 15
2005 15
2006 15
2007 15
2008 15
2009 15
2010 15
2011 15
2012 15
2013 15
2014 15
2015 15
2016 15
2017 15
2018 15
2019 15
2020 15
2021 15
2022 15
2023 15
2024 15
2025 15
2026 15
2027 15
2028 15
2029 15
2030 15
2031 15
2032 15
2033 15
2034 15
2035 15
2036 15
2037 15
2038 15
2039 15
2040 15
2041 15
2042 15
2043 15
2044 15
2045 15
2046 15
2047 15
2048 15
2049 15
2050 15
2051 15
2052 15
2053 15
2054 15
2055 15
2056 15
2057 15
2058 15
2059 15
2060 15
2061 15
2062 15
2063 15
2064 15
2065 15
2066 15
2067 15
2068 15
2069 15
2070 15
2071 15
2072 15
2073 15
2074 15
2075 15
2076 15
2077 15
2078 15
2079 15
2080 15
2081 15
2082 15
2083 15
2084 15
2085 15
2086 15
2087 15
2088 15
2089 15
2090 15
2091 15
2092 15
2093 15
2094 15
2095 15
2096 15
2097 15
2098 15
2099 15
2100 15
2101 16
2102 16
2103 16
2104 16
2105 16
2106 16
2107 16
2108 16
2109 16
2110 16
2111 16
2112 16
2113 16
2114 16
2115 16
2116 16
2117 16
2118 16
2119 16
2120 16
2121 16
2122 16
2123 16
2124 16
2125 16
2126 16
2127 16
2128 16
2129 16
2130 16
2131 8
2132 16
2133 16
2134 16
2135 16
2136 16
2137 16
2138 16
2139 16
2140 16
2141 16
2142 16
2143 16
2144 16
2145 16
2146 16
2147 16
2148 16
2149 16
2150 16
2151 16
2152 16
2153 16
2154 16
2155 16
2156 16
2157 16
2158 16
2159 16
2160 16
2161 16
2162 16
2163 16
2164 13
2165 16
2166 16
2167 16
2168 16
2169 16
2170 14
2171 16
2172 16
2173 16
2174 16
2175 16
2176 16
2177 16
2178 16
2179 16
2180 16
2181 16
2182 16
2183 16
2184 16
2185 16
2186 16
2187 14
2188 16
2189 16
2190 16
2191 1
2192 16
2193 16
2194 16
2195 16
2196 16
2197 16
2198 1
2199 16
2200 16
2201 16
2202 16
2203 16
2204 16
2205 16
2206 16
2207 16
2208 16
2209 16
2210 16
2211 16
2212 16
2213 16
2214 16
2215 16
2216 16
2217 16
2218 16
2219 16
2220 16
2221 16
2222 16
2223 16
2224 16
2225 16
2226 16
2227 16
2228 16
2229 16
2230 16
2231 16
2232 16
2233 16
2234 16
2235 16
2236 16
2237 16
2238 16
2239 16
2240 16
2241 16
2242 16
2243 16
2244 16
2245 16
2246 16
2247 16
2248 16
2249 16
2250 16
2251 17
2252 17
2253 17
2254 17
2255 17
2256 17
2257 17
2258 17
2259 17
2260 17
2261 17
2262 17
2263 17
2264 17
2265 17
2266 17
2267 17
2268 17
2269 17
2270 17
2271 17
2272 17
2273 17
2274 17
2275 17
2276 17
2277 17
2278 17
2279 17
2280 17
2281 17
2282 17
2283 17
2284 17
2285 17
2286 17
2287 17
2288 17
2289 17
2290 17
2291 17
2292 17
2293 17
2294 17
2295 17
2296 17
2297 17
2298 17
2299 17
2300 17
2301 17
2302 17
2303 17
2304 17
2305 17
2306 17
2307 17
2308 17
2309 2
2310 17
2311 17
2312 17
2313 17
2314 17
2315 17
2316 17
2317 17
2318 17
2319 17
2320 13
2321 17
2322 17
2323 17
2324 17
2325 17
2326 17
2327 17
2328 17
2329 17
2330 17
2331 17
2332 17
2333 17
2334 17
2335 17
2336 17
2337 17
2338 17
2339 17
2340 17
2341 17
2342 17
2343 17
2344 17
2345 17
2346 17
2347 17
2348 17
2349 17
2350 17
2351 17
2352 17
2353 17
2354 17
2355 17
2356 17
2357 17
2358 17
2359 17
2360 17
2361 17
2362 17
2363 17
2364 17
2365 17
2366 17
2367 17
2368 17
2369 17
2370 17
2371 17
2372 17
2373 17
2374 17
2375 17
2376 17
2377 17
2378 17
2379 17
2380 17
2381 17
2382 17
2383 17
2384 17
2385 17
2386 17
2387 17
2388 17
2389 17
2390 17
2391 17
2392 17
2393 17
2394 17
2395 17
2396 17
2397 17
2398 17
2399 17
2400 17
2401 18
2402 18
2403 18
2404 18
2405 18
2406 18
2407 18
2408 18
2409 18
2410 18
2411 18
2412 18
2413 18
2414 18
2415 18
2416 18
2417 18
2418 18
2419 18
2420 18
2421 18
2422 18
2423 18
2424 18
2425 18
2426 18
2427 18
2428 18
2429 18
2430 18
2431 18
2432 18
2433 18
2434 10
2435 18
2436 18
2437 18
2438 18
2439 18
2440 18
2441 18
2442 18
2443 18
2444 18
2445 18
2446 18
2447 18
2448 18
2449 18
2450 18
2451 18
2452 18
2453 18
2454 18
2455 18
2456 18
2457 3
2458 18
2459 18
2460 18
2461 18
2462 18
2463 18
2464 18
2465 18
2466 18
2467 18
2468 18
2469 18
2470 18
2471 18
2472 18
2473 18
2474 18
2475 18
2476 18
2477 18
2478 18
2479 18
2480 18
2481 18
2482 18
2483 18
2484 18
2485 18
2486 18
2487 18
2488 18
2489 18
2490 18
2491 18
2492 18
2493 18
2494 18
2495 18
2496 18
2497 18
2498 18
2499 18
2500 18
2501 18
2502 18
2503 18
2504 18
2505 18
2506 18
2507 18
2508 18
2509 18
2510 18
2511 18
2512 18
2513 18
2514 18
2515 18
2516 18
2517 18
2518 18
2519 18
2520 18
2521 18
2522 18
2523 18
2524 18
2525 18
2526 18
2527 18
2528 18
2529 18
2530 18
2531 18
2532 18
2533 18
2534 18
2535 18
2536 18
2537 18
2538 18
2539 18
2540 18
2541 18
2542 18
2543 18
2544 18
2545 18
2546 18
2547 18
2548 18
2549 18
2550 18
2551 19
2552 19
2553 19
2554 19
2555 19
2556 19
2557 19
2558 19
2559 19
2560 19
2561 19
2562 19
2563 19
2564 19
2565 19
2566 19
2567 19
2568 19
2569 19
2570 19
2571 19
2572 19
2573 19
2574 19
2575 19
2576 19
2577 19
2578 19
2579 19
2580 19
2581 19
2582 19
2583 19
2584 19
2585 19
2586 19
2587 19
2588 19
2589 19
2590 19
2591 19
2592 19
2593 19
2594 19
2595 19
2596 19
2597 19
2598 19
2599 19
2600 19
2601 19
2602 19
2603 19
2604 19
2605 19
2606 19
2607 19
2608 19
2609 19
2610 19
2611 19
2612 19
2613 19
2614 19
2615 19
2616 19
2617 19
2618 19
2619 19
2620 20
2621 19
2622 19
2623 19
2624 19
2625 19
2626 19
2627 19
2628 19
2629 19
2630 19
2631 19
2632 19
2633 19
2634 19
2635 19
2636 19
2637 19
2638 19
2639 19
2640 19
2641 19
2642 19
2643 19
2644 19
2645 19
2646 19
2647 19
2648 19
2649 19
2650 19
2651 19
2652 19
2653 19
2654 19
2655 19
2656 19
2657 19
2658 19
2659 19
2660 19
2661 19
2662 19
2663 2
2664 19
2665 19
2666 19
2667 19
2668 19
2669 19
2670 19
2671 19
2672 19
2673 19
2674 19
2675 19
2676 19
2677 19
2678 19
2679 19
2680 19
2681 19
2682 19
2683 19
2684 19
2685 19
2686 19
2687 19
2688 19
2689 19
2690 19
2691 19
2692 19
2693 19
2694 19
2695 19
2696 19
2697 19
2698 19
2699 19
2700 19
2701 22
2702 22
2703 22
2704 22
2705 22
2706 22
2707 8
2708 22
2709 22
2710 22
2711 22
2712 22
2713 21
2714 22
2715 22
2716 22
2717 22
2718 22
2719 22
2720 22
2721 22
2722 22
2723 22
2724 22
2725 22
2726 22
2727 22
2728 22
2729 22
2730 8
2731 22
2732 22
2733 22
2734 22
2735 22
2736 22
2737 22
2738 22
2739 22
2740 22
2741 22
2742 22
2743 22
2744 22
2745 22
2746 22
2747 22
2748 22
2749 22
2750 22
2751 22
2752 22
2753 22
2754 22
2755 22
2756 22
2757 22
2758 22
2759 22
2760 22
2761 22
2762 22
2763 22
2764 22
2765 22
2766 22
2767 22
2768 22
2769 22
2770 22
2771 22
2772 22
2773 22
2774 22
2775 22
2776 22
2777 22
2778 22
2779 22
2780 22
2781 22
2782 22
2783 22
2784 22
2785 22
2786 22
2787 22
2788 22
2789 22
2790 22
2791 22
2792 22
2793 22
2794 22
2795 22
2796 22
2797 22
2798 22
2799 22
2800 22
2801 22
2802 22
2803 22
2804 9
2805 22
2806 22
2807 22
2808 22
2809 22
2810 22
2811 22
2812 22
2813 22
2814 22
2815 22
2816 22
2817 22
2818 22
2819 22
2820 22
2821 22
2822 22
2823 22
2824 22
2825 22
2826 22
2827 23
2828 22
2829 22
2830 22
2831 22
2832 22
2833 22
2834 22
2835 22
2836 22
2837 22
2838 22
2839 22
2840 22
2841 22
2842 22
2843 22
2844 22
2845 22
2846 22
2847 22
2848 22
2849 22
2850 22
2851 25
2852 25
2853 25
2854 25
2855 25
2856 8
2857 25
2858 25
2859 25
2860 25
2861 25
2862 25
2863 25
2864 25
2865 25
2866 25
2867 25
2868 25
2869 25
2870 25
2871 25
2872 25
2873 25
2874 25
2875 25
2876 25
2877 25
2878 25
2879 25
2880 25
2881 24
2882 25
2883 25
2884 25
2885 25
2886 25
2887 25
2888 25
2889 25
2890 25
2891 25
2892 25
2893 25
2894 25
2895 25
2896 5
2897 25
2898 25
2899 25
2900 25
2901 25
2902 25
2903 25
2904 25
2905 25
2906 25
2907 25
2908 25
2909 25
2910 25
2911 25
2912 25
2913 25
2914 25
2915 25
2916 25
2917 25
2918 25
2919 25
2920 25
2921 25
2922 25
2923 25
2924 25
2925 25
2926 25
2927 25
2928 25
2929 25
2930 25
2931 25
2932 25
2933 25
2934 25
2935 25
2936 25
2937 25
2938 25
2939 25
2940 25
2941 25
2942 25
2943 25
2944 25
2945 25
2946 25
2947 25
2948 25
2949 25
2950 25
2951 12
2952 25
2953 25
2954 25
2955 25
2956 25
2957 25
2958 25
2959 25
2960 25
2961 25
2962 25
2963 25
2964 25
2965 25
2966 25
2967 25
2968 25
2969 25
2970 25
2971 25
2972 25
2973 25
2974 25
2975 25
2976 25
2977 25
2978 25
2979 25
2980 25
2981 25
2982 25
2983 25
2984 25
2985 25
2986 25
2987 25
2988 25
2989 25
2990 25
2991 25
2992 25
2993 25
2994 25
2995 25
2996 25
2997 25
2998 25
2999 25
3000 25
